AVG_THRESH=-0.7976788511718309
MIN_THRESH=-3.72586594549815
STRATEGY=f1_max
