AVG_THRESH=-0.8221068286619074
MIN_THRESH=-3.7602392719813755
